Simulation Time,In: S,"In: I Symp-CIP-S, TET-S, CRO-S","In: I Symp-CIP-NS, TET-S, CRO-S","In: I Symp-CIP-S, TET-NS, CRO-S","In: I Symp-CIP-S, TET-S, CRO-NS","In: I Symp-CIP-NS, TET-NS, CRO-S","In: I Symp-CIP-NS, TET-S, CRO-NS","In: I Symp-CIP-S, TET-NS, CRO-NS","In: I Symp-CIP-NS, TET-NS, CRO-NS","In: I Asym-CIP-S, TET-S, CRO-S","In: I Asym-CIP-NS, TET-S, CRO-S","In: I Asym-CIP-S, TET-NS, CRO-S","In: I Asym-CIP-S, TET-S, CRO-NS","In: I Asym-CIP-NS, TET-NS, CRO-S","In: I Asym-CIP-NS, TET-S, CRO-NS","In: I Asym-CIP-S, TET-NS, CRO-NS","In: I Asym-CIP-NS, TET-NS, CRO-NS","In: F Symp-CIP-S, TET-S, CRO-S","In: F Symp-CIP-NS, TET-S, CRO-S","In: F Symp-CIP-S, TET-NS, CRO-S","In: F Symp-CIP-S, TET-S, CRO-NS","In: F Symp-CIP-NS, TET-NS, CRO-S","In: F Symp-CIP-NS, TET-S, CRO-NS","In: F Symp-CIP-S, TET-NS, CRO-NS","In: F Symp-CIP-NS, TET-NS, CRO-NS","In: F Asym-CIP-S, TET-S, CRO-S","In: F Asym-CIP-NS, TET-S, CRO-S","In: F Asym-CIP-S, TET-NS, CRO-S","In: F Asym-CIP-S, TET-S, CRO-NS","In: F Asym-CIP-NS, TET-NS, CRO-S","In: F Asym-CIP-NS, TET-S, CRO-NS","In: F Asym-CIP-S, TET-NS, CRO-NS","In: F Asym-CIP-NS, TET-NS, CRO-NS",Population size,Infected,Prevalence,Simulation Period,"To: If will receive a rapid test | Symp-CIP-S, TET-S, CRO-S","To: If will receive a rapid test | Symp-CIP-NS, TET-S, CRO-S","To: If will receive a rapid test | Symp-CIP-S, TET-NS, CRO-S","To: If will receive a rapid test | Symp-CIP-S, TET-S, CRO-NS","To: If will receive a rapid test | Symp-CIP-NS, TET-NS, CRO-S","To: If will receive a rapid test | Symp-CIP-NS, TET-S, CRO-NS","To: If will receive a rapid test | Symp-CIP-S, TET-NS, CRO-NS","To: If will receive a rapid test | Symp-CIP-NS, TET-NS, CRO-NS","To: If will receive a rapid test | Asym-CIP-S, TET-S, CRO-S","To: If will receive a rapid test | Asym-CIP-NS, TET-S, CRO-S","To: If will receive a rapid test | Asym-CIP-S, TET-NS, CRO-S","To: If will receive a rapid test | Asym-CIP-S, TET-S, CRO-NS","To: If will receive a rapid test | Asym-CIP-NS, TET-NS, CRO-S","To: If will receive a rapid test | Asym-CIP-NS, TET-S, CRO-NS","To: If will receive a rapid test | Asym-CIP-S, TET-NS, CRO-NS","To: If will receive a rapid test | Asym-CIP-NS, TET-NS, CRO-NS","To: Result of CIP test | Symp-CIP-S, TET-S, CRO-S","To: Result of CIP test | Symp-CIP-NS, TET-S, CRO-S","To: Result of CIP test | Symp-CIP-S, TET-NS, CRO-S","To: Result of CIP test | Symp-CIP-S, TET-S, CRO-NS","To: Result of CIP test | Symp-CIP-NS, TET-NS, CRO-S","To: Result of CIP test | Symp-CIP-NS, TET-S, CRO-NS","To: Result of CIP test | Symp-CIP-S, TET-NS, CRO-NS","To: Result of CIP test | Symp-CIP-NS, TET-NS, CRO-NS","To: Result of CIP test | Asym-CIP-S, TET-S, CRO-S","To: Result of CIP test | Asym-CIP-NS, TET-S, CRO-S","To: Result of CIP test | Asym-CIP-S, TET-NS, CRO-S","To: Result of CIP test | Asym-CIP-S, TET-S, CRO-NS","To: Result of CIP test | Asym-CIP-NS, TET-NS, CRO-S","To: Result of CIP test | Asym-CIP-NS, TET-S, CRO-NS","To: Result of CIP test | Asym-CIP-S, TET-NS, CRO-NS","To: Result of CIP test | Asym-CIP-NS, TET-NS, CRO-NS","To: Result of TET test after CIP test returned positive | Symp-CIP-S, TET-S, CRO-S","To: Result of TET test after CIP test returned positive | Symp-CIP-NS, TET-S, CRO-S","To: Result of TET test after CIP test returned positive | Symp-CIP-S, TET-NS, CRO-S","To: Result of TET test after CIP test returned positive | Symp-CIP-S, TET-S, CRO-NS","To: Result of TET test after CIP test returned positive | Symp-CIP-NS, TET-NS, CRO-S","To: Result of TET test after CIP test returned positive | Symp-CIP-NS, TET-S, CRO-NS","To: Result of TET test after CIP test returned positive | Symp-CIP-S, TET-NS, CRO-NS","To: Result of TET test after CIP test returned positive | Symp-CIP-NS, TET-NS, CRO-NS","To: Result of TET test after CIP test returned positive | Asym-CIP-S, TET-S, CRO-S","To: Result of TET test after CIP test returned positive | Asym-CIP-NS, TET-S, CRO-S","To: Result of TET test after CIP test returned positive | Asym-CIP-S, TET-NS, CRO-S","To: Result of TET test after CIP test returned positive | Asym-CIP-S, TET-S, CRO-NS","To: Result of TET test after CIP test returned positive | Asym-CIP-NS, TET-NS, CRO-S","To: Result of TET test after CIP test returned positive | Asym-CIP-NS, TET-S, CRO-NS","To: Result of TET test after CIP test returned positive | Asym-CIP-S, TET-NS, CRO-NS","To: Result of TET test after CIP test returned positive | Asym-CIP-NS, TET-NS, CRO-NS","To: Result of TET test after CIP test returned negative | Symp-CIP-S, TET-S, CRO-S","To: Result of TET test after CIP test returned negative | Symp-CIP-NS, TET-S, CRO-S","To: Result of TET test after CIP test returned negative | Symp-CIP-S, TET-NS, CRO-S","To: Result of TET test after CIP test returned negative | Symp-CIP-S, TET-S, CRO-NS","To: Result of TET test after CIP test returned negative | Symp-CIP-NS, TET-NS, CRO-S","To: Result of TET test after CIP test returned negative | Symp-CIP-NS, TET-S, CRO-NS","To: Result of TET test after CIP test returned negative | Symp-CIP-S, TET-NS, CRO-NS","To: Result of TET test after CIP test returned negative | Symp-CIP-NS, TET-NS, CRO-NS","To: Result of TET test after CIP test returned negative | Asym-CIP-S, TET-S, CRO-S","To: Result of TET test after CIP test returned negative | Asym-CIP-NS, TET-S, CRO-S","To: Result of TET test after CIP test returned negative | Asym-CIP-S, TET-NS, CRO-S","To: Result of TET test after CIP test returned negative | Asym-CIP-S, TET-S, CRO-NS","To: Result of TET test after CIP test returned negative | Asym-CIP-NS, TET-NS, CRO-S","To: Result of TET test after CIP test returned negative | Asym-CIP-NS, TET-S, CRO-NS","To: Result of TET test after CIP test returned negative | Asym-CIP-S, TET-NS, CRO-NS","To: Result of TET test after CIP test returned negative | Asym-CIP-NS, TET-NS, CRO-NS","To: If Tx-CIP if test susceptible to CIP and TET | Symp-CIP-S, TET-S, CRO-S","To: If Tx-CIP if test susceptible to CIP and TET | Symp-CIP-NS, TET-S, CRO-S","To: If Tx-CIP if test susceptible to CIP and TET | Symp-CIP-S, TET-NS, CRO-S","To: If Tx-CIP if test susceptible to CIP and TET | Symp-CIP-S, TET-S, CRO-NS","To: If Tx-CIP if test susceptible to CIP and TET | Symp-CIP-NS, TET-NS, CRO-S","To: If Tx-CIP if test susceptible to CIP and TET | Symp-CIP-NS, TET-S, CRO-NS","To: If Tx-CIP if test susceptible to CIP and TET | Symp-CIP-S, TET-NS, CRO-NS","To: If Tx-CIP if test susceptible to CIP and TET | Symp-CIP-NS, TET-NS, CRO-NS","To: If Tx-CIP if test susceptible to CIP and TET | Asym-CIP-S, TET-S, CRO-S","To: If Tx-CIP if test susceptible to CIP and TET | Asym-CIP-NS, TET-S, CRO-S","To: If Tx-CIP if test susceptible to CIP and TET | Asym-CIP-S, TET-NS, CRO-S","To: If Tx-CIP if test susceptible to CIP and TET | Asym-CIP-S, TET-S, CRO-NS","To: If Tx-CIP if test susceptible to CIP and TET | Asym-CIP-NS, TET-NS, CRO-S","To: If Tx-CIP if test susceptible to CIP and TET | Asym-CIP-NS, TET-S, CRO-NS","To: If Tx-CIP if test susceptible to CIP and TET | Asym-CIP-S, TET-NS, CRO-NS","To: If Tx-CIP if test susceptible to CIP and TET | Asym-CIP-NS, TET-NS, CRO-NS","To: Outcome of Tx-CIP in Symp-CIP-S, TET-S, CRO-S","To: Outcome of Tx-TET in Symp-CIP-S, TET-S, CRO-S","To: Outcome of Tx-CRO in Symp-CIP-S, TET-S, CRO-S","To: Outcome of Tx-CIP in Symp-CIP-NS, TET-S, CRO-S","To: Outcome of Tx-TET in Symp-CIP-NS, TET-S, CRO-S","To: Outcome of Tx-CRO in Symp-CIP-NS, TET-S, CRO-S","To: Outcome of Tx-CIP in Symp-CIP-S, TET-NS, CRO-S","To: Outcome of Tx-TET in Symp-CIP-S, TET-NS, CRO-S","To: Outcome of Tx-CRO in Symp-CIP-S, TET-NS, CRO-S","To: Outcome of Tx-CIP in Symp-CIP-S, TET-S, CRO-NS","To: Outcome of Tx-TET in Symp-CIP-S, TET-S, CRO-NS","To: Outcome of Tx-CRO in Symp-CIP-S, TET-S, CRO-NS","To: Outcome of Tx-CIP in Symp-CIP-NS, TET-NS, CRO-S","To: Outcome of Tx-TET in Symp-CIP-NS, TET-NS, CRO-S","To: Outcome of Tx-CRO in Symp-CIP-NS, TET-NS, CRO-S","To: Outcome of Tx-CIP in Symp-CIP-NS, TET-S, CRO-NS","To: Outcome of Tx-TET in Symp-CIP-NS, TET-S, CRO-NS","To: Outcome of Tx-CRO in Symp-CIP-NS, TET-S, CRO-NS","To: Outcome of Tx-CIP in Symp-CIP-S, TET-NS, CRO-NS","To: Outcome of Tx-TET in Symp-CIP-S, TET-NS, CRO-NS","To: Outcome of Tx-CRO in Symp-CIP-S, TET-NS, CRO-NS","To: Outcome of Tx-CIP in Symp-CIP-NS, TET-NS, CRO-NS","To: Outcome of Tx-TET in Symp-CIP-NS, TET-NS, CRO-NS","To: Outcome of Tx-CRO in Symp-CIP-NS, TET-NS, CRO-NS","To: Outcome of Tx-CIP in Asym-CIP-S, TET-S, CRO-S","To: Outcome of Tx-TET in Asym-CIP-S, TET-S, CRO-S","To: Outcome of Tx-CRO in Asym-CIP-S, TET-S, CRO-S","To: Outcome of Tx-CIP in Asym-CIP-NS, TET-S, CRO-S","To: Outcome of Tx-TET in Asym-CIP-NS, TET-S, CRO-S","To: Outcome of Tx-CRO in Asym-CIP-NS, TET-S, CRO-S","To: Outcome of Tx-CIP in Asym-CIP-S, TET-NS, CRO-S","To: Outcome of Tx-TET in Asym-CIP-S, TET-NS, CRO-S","To: Outcome of Tx-CRO in Asym-CIP-S, TET-NS, CRO-S","To: Outcome of Tx-CIP in Asym-CIP-S, TET-S, CRO-NS","To: Outcome of Tx-TET in Asym-CIP-S, TET-S, CRO-NS","To: Outcome of Tx-CRO in Asym-CIP-S, TET-S, CRO-NS","To: Outcome of Tx-CIP in Asym-CIP-NS, TET-NS, CRO-S","To: Outcome of Tx-TET in Asym-CIP-NS, TET-NS, CRO-S","To: Outcome of Tx-CRO in Asym-CIP-NS, TET-NS, CRO-S","To: Outcome of Tx-CIP in Asym-CIP-NS, TET-S, CRO-NS","To: Outcome of Tx-TET in Asym-CIP-NS, TET-S, CRO-NS","To: Outcome of Tx-CRO in Asym-CIP-NS, TET-S, CRO-NS","To: Outcome of Tx-CIP in Asym-CIP-S, TET-NS, CRO-NS","To: Outcome of Tx-TET in Asym-CIP-S, TET-NS, CRO-NS","To: Outcome of Tx-CRO in Asym-CIP-S, TET-NS, CRO-NS","To: Outcome of Tx-CIP in Asym-CIP-NS, TET-NS, CRO-NS","To: Outcome of Tx-TET in Asym-CIP-NS, TET-NS, CRO-NS","To: Outcome of Tx-CRO in Asym-CIP-NS, TET-NS, CRO-NS","To: If re-tx after ineff tx/rest dev in Symp-CIP-S, TET-S, CRO-S","To: If re-tx after ineff tx/rest dev in Symp-CIP-NS, TET-S, CRO-S","To: If re-tx after ineff tx/rest dev in Symp-CIP-S, TET-NS, CRO-S","To: If re-tx after ineff tx/rest dev in Symp-CIP-S, TET-S, CRO-NS","To: If re-tx after ineff tx/rest dev in Symp-CIP-NS, TET-NS, CRO-S","To: If re-tx after ineff tx/rest dev in Symp-CIP-NS, TET-S, CRO-NS","To: If re-tx after ineff tx/rest dev in Symp-CIP-S, TET-NS, CRO-NS","To: If re-tx after ineff tx/rest dev in Symp-CIP-NS, TET-NS, CRO-NS","To: If re-tx after ineff tx/rest dev in Asym-CIP-S, TET-S, CRO-S","To: If re-tx after ineff tx/rest dev in Asym-CIP-NS, TET-S, CRO-S","To: If re-tx after ineff tx/rest dev in Asym-CIP-S, TET-NS, CRO-S","To: If re-tx after ineff tx/rest dev in Asym-CIP-S, TET-S, CRO-NS","To: If re-tx after ineff tx/rest dev in Asym-CIP-NS, TET-NS, CRO-S","To: If re-tx after ineff tx/rest dev in Asym-CIP-NS, TET-S, CRO-NS","To: If re-tx after ineff tx/rest dev in Asym-CIP-S, TET-NS, CRO-NS","To: If re-tx after ineff tx/rest dev in Asym-CIP-NS, TET-NS, CRO-NS","To: If symp after developing resistance to CIP-S, TET-S, CRO-S","To: If symp after developing resistance to CIP-NS, TET-S, CRO-S","To: If symp after developing resistance to CIP-S, TET-NS, CRO-S","To: If symp after developing resistance to CIP-S, TET-S, CRO-NS","To: If symp after developing resistance to CIP-NS, TET-NS, CRO-S","To: If symp after developing resistance to CIP-NS, TET-S, CRO-NS","To: If symp after developing resistance to CIP-S, TET-NS, CRO-NS","To: If symp after developing resistance to CIP-NS, TET-NS, CRO-NS","To: If resistance after re-tx with CRO in Symp-CIP-S, TET-S, CRO-S","To: If resistance after re-tx with CRO in Symp-CIP-NS, TET-S, CRO-S","To: If resistance after re-tx with CRO in Symp-CIP-S, TET-NS, CRO-S","To: If treatment failure after re-tx with CRO in Symp-CIP-S, TET-S, CRO-NS","To: If resistance after re-tx with CRO in Symp-CIP-NS, TET-NS, CRO-S","To: If treatment failure after re-tx with CRO in Symp-CIP-NS, TET-S, CRO-NS","To: If treatment failure after re-tx with CRO in Symp-CIP-S, TET-NS, CRO-NS","To: If treatment failure after re-tx with CRO in Symp-CIP-NS, TET-NS, CRO-NS","To: If resistance after re-tx with CRO in Asym-CIP-S, TET-S, CRO-S","To: If resistance after re-tx with CRO in Asym-CIP-NS, TET-S, CRO-S","To: If resistance after re-tx with CRO in Asym-CIP-S, TET-NS, CRO-S","To: If treatment failure after re-tx with CRO in Asym-CIP-S, TET-S, CRO-NS","To: If resistance after re-tx with CRO in Asym-CIP-NS, TET-NS, CRO-S","To: If treatment failure after re-tx with CRO in Asym-CIP-NS, TET-S, CRO-NS","To: If treatment failure after re-tx with CRO in Asym-CIP-S, TET-NS, CRO-NS","To: If treatment failure after re-tx with CRO in Asym-CIP-NS, TET-NS, CRO-NS",To: Counting success tx with CIP,To: Counting success tx with TET,To: Counting success tx with CRO,"To: 1st-Tx with M | Symp-CIP-S, TET-S, CRO-S","To: 1st-Tx with M | Symp-CIP-NS, TET-S, CRO-S","To: 1st-Tx with M | Symp-CIP-S, TET-NS, CRO-S","To: 1st-Tx with M | Symp-CIP-S, TET-S, CRO-NS","To: 1st-Tx with M | Symp-CIP-NS, TET-NS, CRO-S","To: 1st-Tx with M | Symp-CIP-NS, TET-S, CRO-NS","To: 1st-Tx with M | Symp-CIP-S, TET-NS, CRO-NS","To: 1st-Tx with M | Symp-CIP-NS, TET-NS, CRO-NS","To: 1st-Tx with M | Asym-CIP-S, TET-S, CRO-S","To: 1st-Tx with M | Asym-CIP-NS, TET-S, CRO-S","To: 1st-Tx with M | Asym-CIP-S, TET-NS, CRO-S","To: 1st-Tx with M | Asym-CIP-S, TET-S, CRO-NS","To: 1st-Tx with M | Asym-CIP-NS, TET-NS, CRO-S","To: 1st-Tx with M | Asym-CIP-NS, TET-S, CRO-NS","To: 1st-Tx with M | Asym-CIP-S, TET-NS, CRO-NS","To: 1st-Tx with M | Asym-CIP-NS, TET-NS, CRO-NS","To: Successful Tx with CIP, TET, or CRO",To: Tx with M,To: 1st-Tx with M,New cases,Cases CRO-NS,New cases symptomatic,Cases CIP-S,Cases TET-S,Cases CRO-S,Cases CIP/TET-NS,Cases treated,"Treated successfully with CIP, TET, or CRO",Cases successfully treated with CIP,Cases successfully treated with TET,Cases successfully treated with CRO,"Cases resistant to CIP-S, TET-S, CRO-S","Cases resistant to CIP-NS, TET-S, CRO-S","Cases resistant to CIP-S, TET-NS, CRO-S","Cases resistant to CIP-S, TET-S, CRO-NS","Cases resistant to CIP-NS, TET-NS, CRO-S","Cases resistant to CIP-NS, TET-S, CRO-NS","Cases resistant to CIP-S, TET-NS, CRO-NS","Cases resistant to CIP-NS, TET-NS, CRO-NS",Rate of gonorrhea cases,Proportion of cases CRO-NS,Proportion of cases symptomatic,Time-averaged proportion of cases CIP-S,Time-averaged proportion of cases TET-S,Time-averaged proportion of cases CRO-S,Time-averaged proportion of cases CIP/TET-NS,"Time-averaged proportion of cases treated successfully with CIP, TET, or CRO",Time-averaged proportion of cases treated successfully with CIP,Time-averaged proportion of cases treated successfully with TET,Time-averaged proportion of cases treated successfully with CRO,"Proportion of cases resistant to CIP-S, TET-S, CRO-S","Proportion of cases resistant to CIP-NS, TET-S, CRO-S","Proportion of cases resistant to CIP-S, TET-NS, CRO-S","Proportion of cases resistant to CIP-S, TET-S, CRO-NS","Proportion of cases resistant to CIP-NS, TET-NS, CRO-S","Proportion of cases resistant to CIP-NS, TET-S, CRO-NS","Proportion of cases resistant to CIP-S, TET-NS, CRO-NS","Proportion of cases resistant to CIP-NS, TET-NS, CRO-NS",Interventions,Observation Time,Obs: Population size,Obs: Infected,Obs: Prevalence,Observation Period,Obs: New cases,Obs: Cases CRO-NS,Obs: New cases symptomatic,Obs: Cases CIP-S,Obs: Cases TET-S,Obs: Cases CRO-S,Obs: Cases CIP/TET-NS,Obs: Cases treated,"Obs: Treated successfully with CIP, TET, or CRO",Obs: Cases successfully treated with CIP,Obs: Cases successfully treated with TET,Obs: Cases successfully treated with CRO,"Obs: Cases resistant to CIP-S, TET-S, CRO-S","Obs: Cases resistant to CIP-NS, TET-S, CRO-S","Obs: Cases resistant to CIP-S, TET-NS, CRO-S","Obs: Cases resistant to CIP-S, TET-S, CRO-NS","Obs: Cases resistant to CIP-NS, TET-NS, CRO-S","Obs: Cases resistant to CIP-NS, TET-S, CRO-NS","Obs: Cases resistant to CIP-S, TET-NS, CRO-NS","Obs: Cases resistant to CIP-NS, TET-NS, CRO-NS",Obs: Rate of gonorrhea cases,Obs: Proportion of cases CRO-NS,Obs: Proportion of cases symptomatic,Obs: Time-averaged proportion of cases CIP-S,Obs: Time-averaged proportion of cases TET-S,Obs: Time-averaged proportion of cases CRO-S,Obs: Time-averaged proportion of cases CIP/TET-NS,"Obs: Time-averaged proportion of cases treated successfully with CIP, TET, or CRO",Obs: Time-averaged proportion of cases treated successfully with CIP,Obs: Time-averaged proportion of cases treated successfully with TET,Obs: Time-averaged proportion of cases treated successfully with CRO,"Obs: Proportion of cases resistant to CIP-S, TET-S, CRO-S","Obs: Proportion of cases resistant to CIP-NS, TET-S, CRO-S","Obs: Proportion of cases resistant to CIP-S, TET-NS, CRO-S","Obs: Proportion of cases resistant to CIP-S, TET-S, CRO-NS","Obs: Proportion of cases resistant to CIP-NS, TET-NS, CRO-S","Obs: Proportion of cases resistant to CIP-NS, TET-S, CRO-NS","Obs: Proportion of cases resistant to CIP-S, TET-NS, CRO-NS","Obs: Proportion of cases resistant to CIP-NS, TET-NS, CRO-NS",Obs: Interventions
0.0,26276854,7665,179,35009,0,20455,0,0,0,176747,4130,807279,0,471678,0,0,0,0,0,0,0,0,0,0,0,0,0,0,0,0,0,0,0,27799996,1523142,0.054789288458890424,0,,,,,,,,,,,,,,,,,,,,,,,,,,,,,,,,,,,,,,,,,,,,,,,,,,,,,,,,,,,,,,,,,,,,,,,,,,,,,,,,,,,,,,,,,,,,,,,,,,,,,,,,,,,,,,,,,,,,,,,,,,,,,,,,,,,,,,,,,,,,,,,,,,,,,,,,,,,,,,,,,,,,,,,,,,,,,,,,,,,,,,,,,,,,,,,,,,,,,,,,,,,,,,,,,,,,,,,,,,,,,,,,,,,,,,"[1, 0]",0.0,27799996,1523142,0.054789288458890424,0,,,,,,,,,,,,,,,,,,,,,,,,,,,,,,,,,,,,,,,,"[1, 0]"
1.0,26362865,9448,192,40911,0,18669,1,2,2,174904,3904,775959,22,412853,2,119,76,0,0,0,5,0,0,47,15,0,0,0,0,0,0,0,0,27799996,1437131,0.05169536715041254,1,223537,4884,965216,28,467782,2,89,57,68778,1553,308978,4,172634,0,19,16,0,0,0,0,0,0,0,0,0,0,0,0,0,0,0,0,0,0,0,0,0,0,0,0,0,0,0,0,0,0,0,0,0,0,0,0,0,0,0,0,0,0,0,0,0,0,0,0,0,0,0,0,0,0,0,0,0,0,0,0,0,0,0,0,0,0,223537,0,0,4884,0,0,965216,0,0,28,0,0,467782,0,0,2,0,0,89,0,0,57,0,0,68778,0,0,1553,0,0,308978,0,0,4,0,0,172634,0,0,0,0,0,19,0,0,16,0,0,0,203,0,8,872,424,0,0,0,14,0,2,69,50,0,0,0,45,0,2,206,117,0,0,0,0,0,0,0,0,0,0,0,0,0,0,0,0,0,0,2211896,0,0,0,0,0,0,0,0,0,0,0,0,0,0,0,0,2211896,1440,0,2213577,215,1661595,1566649,298786,2213362,1921120,2213336,2211896,0,0,2211896,292315,6437,1274194,32,640416,2,108,73,0.07962508339929257,9.712786137550218e-05,0.7506379945219886,0.7077454274235773,0.13497881483228277,0.9999028721386245,0.8678803583521152,0.9993493983742189,0.0,0.0,0.9993493983742189,0.13205549208362755,0.0029079629938330584,0.5756266892906821,1.4456239832632883e-05,0.2893127277704819,9.035149895395552e-07,4.878980943513598e-05,3.2978297118193765e-05,"[1, 0]",1.0,27799996,1437131,0.05169536715041254,1,2213577,215,1661595,1566649,298786,2213362,1921120,2213336,2211896,0,0,2211896,292315,6437,1274194,32,640416,2,108,73,0.07962508339929257,0.00015574614865844431,0.7506379945219886,0.7077454274235773,0.13497881483228277,0.9999028721386245,0.8678803583521152,0.9993493983742189,0.0,0.0,0.9993493983742189,0.14860766376073137,0.0026783244816570356,0.578169235516848,0,0.2936787922936358,7.6498574814817e-06,0,0,"[1, 0]"
2.0,26445771,9614,209,39506,2,16708,0,10,11,173420,3742,747189,49,363214,5,280,185,0,0,0,5,0,1,49,26,0,0,0,0,0,0,0,0,27799996,1354225,0.04871313650548727,2,224801,4623,939520,53,412576,6,222,188,67687,1481,297660,15,150959,4,75,36,0,0,0,0,0,0,0,0,0,0,0,0,0,0,0,0,0,0,0,0,0,0,0,0,0,0,0,0,0,0,0,0,0,0,0,0,0,0,0,0,0,0,0,0,0,0,0,0,0,0,0,0,0,0,0,0,0,0,0,0,0,0,0,0,0,0,224801,0,0,4623,0,0,939520,0,0,53,0,0,412576,0,0,6,0,0,222,0,0,188,0,0,67687,0,0,1481,0,0,297660,0,0,15,0,0,150959,0,0,4,0,0,75,0,0,36,0,0,0,228,0,9,927,526,0,0,0,16,0,1,58,34,0,0,0,55,0,2,204,94,0,0,0,0,0,0,0,0,0,0,0,0,0,0,0,0,0,0,2097977,0,0,0,0,0,0,0,0,0,0,0,0,0,0,0,0,2097977,1676,0,2099906,599,1581989,1530033,298670,2099307,1807043,2099653,2097977,0,0,2097977,292488,6104,1237180,68,563535,10,297,224,0.0755361979188774,0.00028525086361008543,0.7533618171480057,0.7286197572653252,0.14223017601740268,0.9997147491363899,0.8605351858607004,0.9992017728643733,0.0,0.0,0.9992017728643733,0.13928623471717305,0.0029067967804273145,0.589159705243949,3.238240187894125e-05,0.26836201239484053,4.762117923373713e-06,0.00014143490232419926,0.00010667144148357117,"[1, 0]",2.0,27799996,1354225,0.04871313650548727,2,2099906,599,1581989,1530033,298670,2099307,1807043,2099653,2097977,0,0,2097977,292488,6104,1237180,68,563535,10,297,224,0.0755361979188774,0.00023622900294551587,0.7533618171480057,0.7286197572653252,0.14223017601740268,0.9997147491363899,0.8605351858607004,0.9992017728643733,0.0,0.0,0.9992017728643733,0.1463746122683338,0.0017428279561095125,0.5958431859022716,5.8376530435040006e-05,0.24750421208707238,0,0.00047257276351403996,0,"[1, 0]"
3.0,26517025,9402,186,38265,9,14959,0,28,26,172293,3606,722435,119,320683,5,514,349,0,0,0,16,0,0,53,23,0,0,0,0,0,0,0,0,27799996,1282971,0.04615004261151692,3,223768,4488,909623,84,367554,8,436,343,66860,1409,286940,29,132997,3,143,118,0,0,0,0,0,0,0,0,0,0,0,0,0,0,0,0,0,0,0,0,0,0,0,0,0,0,0,0,0,0,0,0,0,0,0,0,0,0,0,0,0,0,0,0,0,0,0,0,0,0,0,0,0,0,0,0,0,0,0,0,0,0,0,0,0,0,223768,0,0,4488,0,0,909623,0,0,84,0,0,367554,0,0,8,0,0,436,0,0,343,0,0,66860,0,0,1409,0,0,286940,0,0,29,0,0,132997,0,0,3,0,0,143,0,0,118,0,0,0,237,0,11,1170,618,0,0,0,18,0,0,71,29,0,0,0,40,0,1,187,89,0,0,0,0,0,0,0,0,0,0,0,0,0,0,0,0,0,0,1992356,0,0,0,0,0,0,0,0,0,0,0,0,0,0,0,0,1992356,2025,0,1994803,1164,1506304,1487883,296649,1993639,1703472,1994381,1992356,0,0,1992356,290628,5897,1196563,113,500551,11,579,461,0.07175551392165667,0.0005835162670198511,0.7551141641555582,0.7458796683181247,0.14871092533949468,0.9994164837329802,0.8539550020728864,0.998984647366777,0.0,0.0,0.998984647366777,0.14569258217478118,0.0029561816379863074,0.5998401847199949,5.664719774333606e-05,0.25092753520021777,5.514328983864572e-06,0.0002902542256052352,0.00023110051468741525,"[1, 0]",3.0,27799996,1282971,0.04615004261151692,3,1994803,1164,1506304,1487883,296649,1993639,1703472,1994381,1992356,0,0,1992356,290628,5897,1196563,113,500551,11,579,461,0.07175551392165667,0.0005770394592534896,0.7551141641555582,0.7458796683181247,0.14871092533949468,0.9994164837329802,0.8539550020728864,0.998984647366777,0.0,0.0,0.998984647366777,0.14822964484393458,0,0.617500998317943,0.00039663122855549955,0.26894235481807627,9.229186141599378e-05,0.00013233689641731978,6.383767690711808e-05,"[1, 0]"
4.0,26574256,9598,186,37588,11,13044,1,57,31,172025,3486,703148,201,284744,8,866,584,0,0,0,27,0,0,84,51,0,0,0,0,0,0,0,0,27799996,1225740,0.0440913732505573,4,222811,4454,884848,242,326373,6,860,622,67160,1387,277404,57,117023,2,292,181,0,0,0,0,0,0,0,0,0,0,0,0,0,0,0,0,0,0,0,0,0,0,0,0,0,0,0,0,0,0,0,0,0,0,0,0,0,0,0,0,0,0,0,0,0,0,0,0,0,0,0,0,0,0,0,0,0,0,0,0,0,0,0,0,0,0,222811,0,0,4454,0,0,884848,0,0,242,0,0,326373,0,0,6,0,0,860,0,0,622,0,0,67160,0,0,1387,0,0,277404,0,0,57,0,0,117023,0,0,2,0,0,292,0,0,181,0,0,0,424,0,8,1557,907,0,0,0,14,0,0,63,28,0,0,0,42,0,0,198,82,0,0,0,0,0,0,0,0,0,0,0,0,0,0,0,0,0,0,1900189,0,0,0,0,0,0,0,0,0,0,0,0,0,0,0,0,1900189,2826,0,1903722,2262,1440216,1453674,296119,1901460,1612292,1903015,1900189,0,0,1900189,289971,5841,1162252,299,443396,8,1152,803,0.06847921848621849,0.00118819869707867,0.7565264256020574,0.7635957350915732,0.1555473961009013,0.9988118013029214,0.8469156736120085,0.9985149880584231,0.0,0.0,0.9985149880584231,0.15231793297550797,0.00306820008383577,0.6105156109978243,0.00015706074731499663,0.2329100572457533,4.202294242541715e-06,0.0006051303709260071,0.00042180528459512473,"[1, 0]",4.0,27799996,1225740,0.0440913732505573,4,1903722,2262,1440216,1453674,296119,1901460,1612292,1903015,1900189,0,0,1900189,289971,5841,1162252,299,443396,8,1152,803,0.06847921848621849,0.0010704591782551528,0.7565264256020574,0.7635957350915732,0.1555473961009013,0.9988118013029214,0.8469156736120085,0.9985149880584231,0.0,0.0,0.9985149880584231,0.15281189588146646,0.0009181460674568768,0.619106894350871,0.0005917527371932594,0.23151564930204319,2.7894440466696964e-05,0,0.0002896453992331596,"[1, 0]"
5.0,26626398,9633,181,36406,14,11819,0,57,54,173226,3378,682750,327,253335,17,1264,966,0,0,0,32,0,1,77,61,0,0,0,0,0,0,0,0,27799996,1173598,0.04221576146989374,5,224239,4314,863020,341,292252,14,1230,1030,66847,1288,269871,93,105229,5,399,299,0,0,0,0,0,0,0,0,0,0,0,0,0,0,0,0,0,0,0,0,0,0,0,0,0,0,0,0,0,0,0,0,0,0,0,0,0,0,0,0,0,0,0,0,0,0,0,0,0,0,0,0,0,0,0,0,0,0,0,0,0,0,0,0,0,0,224239,0,0,4314,0,0,863020,0,0,341,0,0,292252,0,0,14,0,0,1230,0,0,1030,0,0,66847,0,0,1288,0,0,269871,0,0,93,0,0,105229,0,0,5,0,0,399,0,0,299,0,0,0,509,0,17,1957,1285,0,0,0,15,0,0,49,33,0,0,0,38,0,0,170,85,0,0,0,0,0,0,0,0,0,0,0,0,0,0,0,0,0,0,1825810,0,0,0,0,0,0,0,0,0,0,0,0,0,0,0,0,1825810,3759,0,1830471,3411,1386440,1426040,297141,1827060,1537303,1829569,1825810,0,0,1825810,291086,5602,1132891,434,397481,19,1629,1329,0.06584429004953814,0.0018634548157277554,0.7574225431596567,0.7790563193844644,0.1623303510407977,0.9981365451842722,0.8398401285789286,0.9979454177459282,0.0,0.0,0.9979454177459282,0.15902245924682773,0.003060414505337697,0.6189068278055211,0.00023709744650420576,0.21714684362658573,1.0379842128064307e-05,0.0008899348856114082,0.000726042641484077,"[1, 0]",5.0,27799996,1173598,0.04221576146989374,5,1830471,3411,1386440,1426040,297141,1827060,1537303,1829569,1825810,0,0,1825810,291086,5602,1132891,434,397481,19,1629,1329,0.06584429004953814,0.0010656481433110627,0.7574225431596567,0.7790563193844644,0.1623303510407977,0.9981365451842722,0.8398401285789286,0.9979454177459282,0.0,0.0,0.9979454177459282,0.1583005673024457,0.002949115437392181,0.5975873369933222,0.0010472060103990277,0.21470381241194575,5.1119719010093336e-05,0.002022224786945426,0,"[1, 0]"
6.0,26671187,9643,174,35718,24,10755,2,112,82,173673,3322,663643,461,227447,19,1897,1533,0,0,0,54,0,1,137,112,0,0,0,0,0,0,0,0,27799996,1128809,0.04060464613016491,6,225380,4086,842368,519,264299,18,1846,1637,67713,1273,262595,133,93991,6,631,466,0,0,0,0,0,0,0,0,0,0,0,0,0,0,0,0,0,0,0,0,0,0,0,0,0,0,0,0,0,0,0,0,0,0,0,0,0,0,0,0,0,0,0,0,0,0,0,0,0,0,0,0,0,0,0,0,0,0,0,0,0,0,0,0,0,0,225380,0,0,4086,0,0,842368,0,0,519,0,0,264299,0,0,18,0,0,1846,0,0,1637,0,0,67713,0,0,1273,0,0,262595,0,0,133,0,0,93991,0,0,6,0,0,631,0,0,466,0,0,0,697,0,21,2519,1861,0,0,0,16,0,0,68,24,0,0,0,47,0,0,196,58,0,0,0,0,0,0,0,0,0,0,0,0,0,0,0,0,0,0,1760519,0,0,0,0,0,0,0,0,0,0,0,0,0,0,0,0,1760519,4965,0,1766961,5256,1340153,1401185,299128,1761705,1470715,1765484,1760519,0,0,1760519,293093,5359,1104963,652,358290,24,2477,2103,0.06355975734672767,0.002974598760244284,0.7584508090444554,0.7929914695344153,0.1692895315742679,0.9970254012397557,0.8323415174415282,0.9971877400191675,0.0,0.0,0.9971877400191675,0.16587406286839382,0.0030328909353403953,0.6253465696186843,0.00036899512779286017,0.20277187781733721,1.3582642740841478e-05,0.0014018419195443476,0.0011901790701662346,"[1, 0]",6.0,27799996,1128809,0.04060464613016491,6,1766961,5256,1340153,1401185,299128,1761705,1470715,1765484,1760519,0,0,1760519,293093,5359,1104963,652,358290,24,2477,2103,0.06355975734672767,0.0025120709690782715,0.7584508090444554,0.7929914695344153,0.1692895315742679,0.9970254012397557,0.8323415174415282,0.9971877400191675,0.0,0.0,0.9971877400191675,0.16063191818412545,0.0036515327677155165,0.6108843206319412,0.0006782359376779738,0.20948596924712654,0,0.0018421623825594048,0.0007007024261281048,"[1, 0]"
7.0,26709736,9711,163,34755,31,9925,3,154,146,174089,3253,645882,715,205893,34,2735,2409,0,0,0,48,0,5,165,144,0,0,0,0,0,0,0,0,27799996,1090260,0.039217991254387234,7,227002,3978,821586,704,241130,33,2848,2615,68054,1280,256367,224,84654,9,906,731,0,0,0,0,0,0,0,0,0,0,0,0,0,0,0,0,0,0,0,0,0,0,0,0,0,0,0,0,0,0,0,0,0,0,0,0,0,0,0,0,0,0,0,0,0,0,0,0,0,0,0,0,0,0,0,0,0,0,0,0,0,0,0,0,0,0,227002,0,0,3978,0,0,821586,0,0,704,0,0,241130,0,0,33,0,0,2848,0,0,2615,0,0,68054,0,0,1280,0,0,256367,0,0,224,0,0,84654,0,0,9,0,0,906,0,0,731,0,0,0,860,0,36,3521,2818,0,0,0,16,0,1,63,15,0,0,0,37,0,1,168,52,0,0,0,0,0,0,0,0,0,0,0,0,0,0,0,0,0,0,1702921,0,0,0,0,0,0,0,0,0,0,0,0,0,0,0,0,1702921,7177,0,1712121,8070,1299896,1377691,301284,1704051,1412341,1710098,1702921,0,0,1702921,295056,5258,1077953,928,325784,42,3754,3346,0.061587095192387795,0.004713451911401122,0.7592313860994637,0.8046691793395443,0.1759712076424505,0.9952865480885988,0.8249072349442592,0.9958031644970055,0.0,0.0,0.9958031644970055,0.17233361427142124,0.0030710446282710157,0.6296009452602941,0.0005420177662676879,0.19028094392861253,2.453097649056346e-05,0.002192602041561315,0.0019543011270815557,"[1, 0]",7.0,27799996,1090260,0.039217991254387234,7,1712121,8070,1299896,1377691,301284,1704051,1412341,1710098,1702921,0,0,1702921,295056,5258,1077953,928,325784,42,3754,3346,0.061587095192387795,0.005854744693306915,0.7592313860994637,0.8046691793395443,0.1759712076424505,0.9952865480885988,0.8249072349442592,0.9958031644970055,0.0,0.0,0.9958031644970055,0.18145055127301912,0.002214054088297175,0.6365823465959035,0.0018367221523739542,0.2170672464525072,0.00015026823430779848,0.0021456941631866067,0.0008024360093013354,"[1, 0]"
8.0,26739950,9769,171,34160,67,9307,1,198,220,173757,3178,631296,1036,188607,64,3937,3740,0,0,0,71,0,4,256,207,0,0,0,0,0,0,0,0,27799996,1060046,0.03813115656563404,8,227124,3956,804696,1038,223279,62,4044,4134,68211,1208,249168,322,76836,19,1305,1135,0,0,0,0,0,0,0,0,0,0,0,0,0,0,0,0,0,0,0,0,0,0,0,0,0,0,0,0,0,0,0,0,0,0,0,0,0,0,0,0,0,0,0,0,0,0,0,0,0,0,0,0,0,0,0,0,0,0,0,0,0,0,0,0,0,0,227124,0,0,3956,0,0,804696,0,0,1038,0,0,223279,0,0,62,0,0,4044,0,0,4134,0,0,68211,0,0,1208,0,0,249168,0,0,322,0,0,76836,0,0,19,0,0,1305,0,0,1135,0,0,0,1217,0,65,4663,4320,0,0,0,16,0,0,55,18,0,0,0,39,0,0,168,49,0,0,0,0,0,0,0,0,0,0,0,0,0,0,0,0,0,0,1653402,0,0,0,0,0,0,0,0,0,0,0,0,0,0,0,0,1653402,10089,0,1666537,12059,1268333,1355908,301940,1654478,1364412,1663491,1653402,0,0,1653402,295335,5164,1053864,1360,300115,81,5349,5269,0.059947382726242116,0.007235962957918126,0.7610590103910084,0.8136080987100797,0.18117809565584203,0.9927640370420818,0.8187108957076861,0.9939350438325185,0.0,0.0,0.9939350438325185,0.17721478731045276,0.003098641074275579,0.6323675981991399,0.0008160634897395018,0.18008301045821365,4.860378137419091e-05,0.003209649710747496,0.0031616459760569374,"[1, 0]",8.0,27799996,1060046,0.03813115656563404,8,1666537,12059,1268333,1355908,301940,1654478,1364412,1663491,1653402,0,0,1653402,295335,5164,1053864,1360,300115,81,5349,5269,0.059947382726242116,0.009441802857959494,0.7610590103910084,0.8136080987100797,0.18117809565584203,0.9927640370420818,0.8187108957076861,0.9939350438325185,0.0,0.0,0.9939350438325185,0.17985100445756308,0.003108929870828517,0.6497169024518762,0.0025845625711122294,0.18475864018771088,0.00010064807136046398,0.001738752133579955,0.005706197274851383,"[1, 0]"
9.0,26762565,9681,182,33709,78,8760,6,296,313,174001,3086,618411,1558,174919,109,5580,5979,0,0,0,92,0,9,299,363,0,0,0,0,0,0,0,0,27799996,1037431,0.03731766723995212,9,226133,3960,790182,1595,210120,96,5785,6387,68007,1261,244127,503,70914,28,1882,1845,0,0,0,0,0,0,0,0,0,0,0,0,0,0,0,0,0,0,0,0,0,0,0,0,0,0,0,0,0,0,0,0,0,0,0,0,0,0,0,0,0,0,0,0,0,0,0,0,0,0,0,0,0,0,0,0,0,0,0,0,0,0,0,0,0,0,226133,0,0,3960,0,0,790182,0,0,1595,0,0,210120,0,0,96,0,0,5785,0,0,6387,0,0,68007,0,0,1261,0,0,244127,0,0,503,0,0,70914,0,0,28,0,0,1882,0,0,1845,0,0,0,1777,0,101,6381,6537,0,0,0,14,0,0,47,18,0,0,0,48,0,2,136,45,0,0,0,0,0,0,0,0,0,0,0,0,0,0,0,0,0,0,1613692,0,0,0,0,0,0,0,0,0,0,0,0,0,0,0,0,1613692,14571,0,1632825,18121,1244258,1338214,301583,1614704,1328796,1628263,1613692,0,0,1613692,294140,5221,1034309,2098,281034,124,7667,8232,0.05873472068125477,0.01109794374779906,0.7620277739500558,0.8195697640592225,0.18470013626689938,0.988902056252201,0.8138018464930412,0.9910511999597117,0.0,0.0,0.9910511999597117,0.18014177881891813,0.00319752576056834,0.6334475525546216,0.0012848896850550426,0.17211519911809287,7.594200235787668e-05,0.004695543000627746,0.0050415690597583945,"[1, 0]",9.0,27799996,1037431,0.03731766723995212,9,1632825,18121,1244258,1338214,301583,1614704,1328796,1628263,1613692,0,0,1613692,294140,5221,1034309,2098,281034,124,7667,8232,0.05873472068125477,0.01252552271912664,0.7620277739500558,0.8195697640592225,0.18470013626689938,0.988902056252201,0.8138018464930412,0.9910511999597117,0.0,0.0,0.9910511999597117,0.16375542583942446,0.004256587768838726,0.6520599388431093,0.0022608334202597336,0.17972369780699704,1.7285611739093133e-05,0.003792788576411084,0.005208161773734193,"[1, 0]"
10.0,26777093,9688,144,33168,127,8497,11,439,533,174016,2935,607816,2300,164763,161,7920,9224,0,0,0,145,0,4,465,547,0,0,0,0,0,0,0,0,27799996,1022903,0.03679507723670176,10,227926,3770,780319,2456,200468,147,8006,9848,67848,1208,239069,697,66165,51,2474,2874,0,0,0,0,0,0,0,0,0,0,0,0,0,0,0,0,0,0,0,0,0,0,0,0,0,0,0,0,0,0,0,0,0,0,0,0,0,0,0,0,0,0,0,0,0,0,0,0,0,0,0,0,0,0,0,0,0,0,0,0,0,0,0,0,0,0,227926,0,0,3770,0,0,780319,0,0,2456,0,0,200468,0,0,147,0,0,8006,0,0,9848,0,0,67848,0,0,1208,0,0,239069,0,0,697,0,0,66165,0,0,51,0,0,2474,0,0,2874,0,0,0,2640,0,149,8613,10009,0,0,0,20,0,0,53,19,0,0,0,48,0,2,166,45,0,0,0,0,0,0,0,0,0,0,0,0,0,0,0,0,0,0,1585727,0,0,0,0,0,0,0,0,0,0,0,0,0,0,0,0,1585727,21013,0,1613326,26553,1232940,1328795,304103,1586773,1303721,1606740,1585727,0,0,1585727,295774,4978,1019388,3153,266633,198,10480,12722,0.05803331770263564,0.016458545885952375,0.7642224820030173,0.823637008267393,0.1884944518342852,0.9835414541140476,0.8080952020856293,0.9869219662173095,0.0,0.0,0.9869219662173095,0.18333182506201476,0.0030855512153154414,0.6318549381836033,0.0019543477263739627,0.16526913965311413,0.0001227278305810481,0.00649589729540093,0.007885573033596435,"[1, 0]",10.0,27799996,1022903,0.03679507723670176,10,1613326,26553,1232940,1328795,304103,1586773,1303721,1606740,1585727,0,0,1585727,295774,4978,1019388,3153,266633,198,10480,12722,0.05803331770263564,0.018072439018860718,0.7642224820030173,0.823637008267393,0.1884944518342852,0.9835414541140476,0.8080952020856293,0.9869219662173095,0.0,0.0,0.9869219662173095,0.16990011996530185,0.0038679009897588023,0.6482245881877918,0.0031901405931128654,0.17609599966784067,0.0003695705315134345,0.006842738756030278,0.006011239896595181,"[1, 0]"
11.0,26782010,9759,157,32654,202,8371,16,562,840,174583,2916,599587,3409,157535,212,11219,14245,0,0,0,214,0,9,645,851,0,0,0,0,0,0,0,0,27799996,1017986,0.03661820670765564,11,228111,3683,771118,3785,194952,229,11539,15695,68230,1153,236348,1055,62838,70,3635,4382,0,0,0,0,0,0,0,0,0,0,0,0,0,0,0,0,0,0,0,0,0,0,0,0,0,0,0,0,0,0,0,0,0,0,0,0,0,0,0,0,0,0,0,0,0,0,0,0,0,0,0,0,0,0,0,0,0,0,0,0,0,0,0,0,0,0,228111,0,0,3683,0,0,771118,0,0,3785,0,0,194952,0,0,229,0,0,11539,0,0,15695,0,0,68230,0,0,1153,0,0,236348,0,0,1055,0,0,62838,0,0,70,0,0,3635,0,0,4382,0,0,0,3951,0,229,12131,15861,0,0,0,13,0,0,67,14,0,0,0,54,0,0,174,54,0,0,0,0,0,0,0,0,0,0,0,0,0,0,0,0,0,0,1565415,0,0,0,0,0,0,0,0,0,0,0,0,0,0,0,0,1565415,31614,0,1606823,40390,1229112,1323821,306316,1566433,1290169,1597029,1565415,0,0,1565415,296341,4836,1007466,4840,257790,299,15174,20077,0.057799396805668604,0.0251365582892453,0.7649330386732079,0.8238748138407279,0.1906345627365304,0.9748634417107547,0.8029316234582153,0.9802044922164845,0.0,0.0,0.9802044922164845,0.1844266605593771,0.0030096656570138716,0.6269925187777372,0.003012155041345562,0.16043459671662655,0.0001860814787938684,0.009443479462268091,0.012494842306837778,"[1, 0]",11.0,27799996,1017986,0.03661820670765564,11,1606823,40390,1229112,1323821,306316,1566433,1290169,1597029,1565415,0,0,1565415,296341,4836,1007466,4840,257790,299,15174,20077,0.057799396805668604,0.024704034759698693,0.7649330386732079,0.8238748138407279,0.1906345627365304,0.9748634417107547,0.8029316234582153,0.9802044922164845,0.0,0.0,0.9802044922164845,0.17784838637884592,0.0027539442341037775,0.6412453289519657,0.0026435486233583453,0.1584359047738491,0.0003579398630580899,0.00701376554242151,0.006939415673276051,"[1, 0]"
12.0,26776899,9820,159,32698,301,8017,26,805,1318,174643,2831,593777,5120,152205,320,16510,22000,0,0,0,280,0,16,948,1303,0,0,0,0,0,0,0,0,27799996,1023097,0.036802055654972035,12,227342,3732,765340,5476,190135,354,16871,24205,68454,1073,232496,1646,60259,85,5388,6844,0,0,0,0,0,0,0,0,0,0,0,0,0,0,0,0,0,0,0,0,0,0,0,0,0,0,0,0,0,0,0,0,0,0,0,0,0,0,0,0,0,0,0,0,0,0,0,0,0,0,0,0,0,0,0,0,0,0,0,0,0,0,0,0,0,0,227342,0,0,3732,0,0,765340,0,0,5476,0,0,190135,0,0,354,0,0,16871,0,0,24205,0,0,68454,0,0,1073,0,0,232496,0,0,1646,0,0,60259,0,0,85,0,0,5388,0,0,6844,0,0,0,5670,0,356,17510,24355,0,0,0,23,0,0,58,14,0,0,0,54,0,1,158,46,0,0,0,0,0,0,0,0,0,0,0,0,0,0,0,0,0,0,1547751,0,0,0,0,0,0,0,0,0,0,0,0,0,0,0,0,1547751,47063,0,1609700,60869,1233455,1323013,308162,1548831,1284084,1594814,1547751,0,0,1547751,295796,4805,997836,7122,250394,439,22259,31049,0.05790288602919223,0.037813878362427784,0.7662639001056097,0.821900354103249,0.1914406411132509,0.9621861216375722,0.7977163446604958,0.9704899756335221,0.0,0.0,0.9704899756335221,0.18375846431011988,0.002985028266136547,0.6198894203888924,0.004424426911846928,0.15555320867242342,0.000272721625147543,0.013828042492389886,0.019288687333043425,"[1, 0]",12.0,27799996,1023097,0.036802055654972035,12,1609700,60869,1233455,1323013,308162,1548831,1284084,1594814,1547751,0,0,1547751,295796,4805,997836,7122,250394,439,22259,31049,0.05790288602919223,0.03907198987088721,0.7662639001056097,0.821900354103249,0.1914406411132509,0.9621861216375722,0.7977163446604958,0.9704899756335221,0.0,0.0,0.9704899756335221,0.173822299822111,0.0024508292355943074,0.6240394784059107,0.00472283681419446,0.158947817586857,0,0.012092067541468368,0.022942677643229686,"[1, 0]"
13.0,26761770,9638,149,32734,429,7926,28,1261,1950,174274,2655,589532,7675,147955,493,24001,33710,0,0,0,486,0,25,1317,1988,0,0,0,0,0,0,0,0,27799996,1038226,0.037346264366368974,13,229333,3529,760734,8440,187611,537,24253,37277,68344,1106,230370,2482,58555,171,7773,10693,0,0,0,0,0,0,0,0,0,0,0,0,0,0,0,0,0,0,0,0,0,0,0,0,0,0,0,0,0,0,0,0,0,0,0,0,0,0,0,0,0,0,0,0,0,0,0,0,0,0,0,0,0,0,0,0,0,0,0,0,0,0,0,0,0,0,229333,0,0,3529,0,0,760734,0,0,8440,0,0,187611,0,0,537,0,0,24253,0,0,37277,0,0,68344,0,0,1106,0,0,230370,0,0,2482,0,0,58555,0,0,171,0,0,7773,0,0,10693,0,0,0,8615,0,539,24874,37456,0,0,0,10,0,0,42,16,0,0,0,34,0,0,170,49,0,0,0,0,0,0,0,0,0,0,0,0,0,0,0,0,0,0,1538537,0,0,0,0,0,0,0,0,0,0,0,0,0,0,0,0,1538537,70215,0,1631208,91626,1251714,1331729,313942,1539582,1289875,1608752,1538537,0,0,1538537,297677,4635,991104,10922,246166,708,32026,47970,0.058676555205259745,0.05617064163491106,0.7673540100342814,0.8164066139940461,0.19245982118773328,0.943829358365089,0.7907483288458614,0.956354366614618,0.0,0.0,0.956354366614618,0.18248868323352999,0.002841452469580826,0.6075889770035459,0.006695651320984203,0.15091024565843228,0.0004340341636382362,0.019633302435986093,0.02940765371430253,"[1, 0]",13.0,27799996,1038226,0.037346264366368974,13,1631208,91626,1251714,1331729,313942,1539582,1289875,1608752,1538537,0,0,1538537,297677,4635,991104,10922,246166,708,32026,47970,0.058676555205259745,0.058001618750737345,0.7673540100342814,0.8164066139940461,0.19245982118773328,0.943829358365089,0.7907483288458614,0.956354366614618,0.0,0.0,0.956354366614618,0.1832059973754432,0.003588111947535643,0.5990888328268,0.006278696958470534,0.14670890969580203,0.0004219408758203409,0.016809225937774605,0.0351167418791846,"[1, 0]"
14.0,26770147,9825,140,32537,434,7883,29,1253,1826,175341,2550,588232,7589,144791,476,22938,34005,0,0,0,0,0,0,0,0,0,0,0,0,0,0,0,0,27799996,1029849,0.0370449333877602,14,0,0,0,0,0,0,0,0,0,0,0,0,0,0,0,0,0,0,0,0,0,0,0,0,0,0,0,0,0,0,0,0,0,0,0,0,0,0,0,0,0,0,0,0,0,0,0,0,0,0,0,0,0,0,0,0,0,0,0,0,0,0,0,0,0,0,0,0,0,0,0,0,0,0,0,0,0,0,0,0,0,0,0,0,0,0,0,0,0,0,0,0,0,0,0,0,0,0,0,0,0,0,0,0,0,0,0,0,0,0,0,0,0,0,0,0,0,0,0,0,0,0,0,0,0,0,0,0,0,0,0,0,0,0,0,0,0,0,0,0,0,0,0,0,0,0,0,0,0,0,0,0,0,0,0,0,0,0,0,0,0,0,0,0,0,0,0,0,0,0,0,228940,3355,761450,10012,185431,593,28307,44070,68246,1017,229224,2973,57091,170,9179,13173,0,1647047,1643231,1643231,108477,1262158,1338331,315306,1534754,1294811,1647047,0,0,0,0,297186,4372,990674,12985,242522,763,37486,57243,0.059109037281875866,0.06601445566691476,0.768095295183696,0.8144509201688624,0.191881725697726,0.9339855443330852,0.7879665123162842,0.0,0.0,0.0,0.0,0.1808546698546948,0.0026606119285724284,0.6028817616025988,0.007902114797006629,0.14758850094721923,0.0004643291174521415,0.022812373914562225,0.03483563783789376,"[0, 1]",14.0,27799996,1029849,0.0370449333877602,14,1643231,108477,1262158,1338331,315306,1534754,1294811,1647047,0,0,0,0,297186,4372,990674,12985,242522,763,37486,57243,0.059109037281875866,0.058287937369136254,0.768095295183696,0.8144509201688624,0.191881725697726,0.9339855443330852,0.7879665123162842,0.0,0.0,0.0,0.0,0.1904164065989472,0.0008116891611881216,0.6319229610910185,0.011545171205973743,0.1522270337938518,0.0010998213501057239,0.027330461277908984,0.04324562799953467,"[0, 1]"
15.0,26773388,9806,154,32570,432,8061,34,1128,1940,175932,2514,586822,7320,143180,515,21875,34325,0,0,0,0,0,0,0,0,0,0,0,0,0,0,0,0,27799996,1026608,0.03692835063717275,15,0,0,0,0,0,0,0,0,0,0,0,0,0,0,0,0,0,0,0,0,0,0,0,0,0,0,0,0,0,0,0,0,0,0,0,0,0,0,0,0,0,0,0,0,0,0,0,0,0,0,0,0,0,0,0,0,0,0,0,0,0,0,0,0,0,0,0,0,0,0,0,0,0,0,0,0,0,0,0,0,0,0,0,0,0,0,0,0,0,0,0,0,0,0,0,0,0,0,0,0,0,0,0,0,0,0,0,0,0,0,0,0,0,0,0,0,0,0,0,0,0,0,0,0,0,0,0,0,0,0,0,0,0,0,0,0,0,0,0,0,0,0,0,0,0,0,0,0,0,0,0,0,0,0,0,0,0,0,0,0,0,0,0,0,0,0,0,0,0,0,0,229491,3204,760551,9826,184048,650,26941,44385,68067,999,229304,2965,56049,176,8701,13152,0,1638509,1638509,1638509,106796,1259096,1335846,315378,1531713,1291692,1638509,0,0,0,0,297558,4203,989855,12791,240097,826,35642,57537,0.05893918114232822,0.06517876923471277,0.7684400879091906,0.8152814540536549,0.192478649796858,0.9348212307652872,0.7883337839462584,0.0,0.0,0.0,0.0,0.18160290849790878,0.0025651369629339847,0.6041193548524909,0.0078064874834376866,0.14653383045195356,0.0005041168525775568,0.02175270321981753,0.03511546167888001,"[0, 1]",15.0,27799996,1026608,0.03692835063717275,15,1638509,106796,1259096,1335846,315378,1531713,1291692,1638509,0,0,0,0,297558,4203,989855,12791,240097,826,35642,57537,0.05893918114232822,0.06598644910439444,0.7684400879091906,0.8152814540536549,0.192478649796858,0.9348212307652872,0.7883337839462584,0.0,0.0,0.0,0.0,0.18629755762641315,0.0018188975925756165,0.5887717445421478,0.003153800530610446,0.15184025196414958,0.0013416007183628164,0.02525588516803215,0.029004056810058246,"[0, 1]"
16.0,26775171,9797,132,32443,406,7984,20,1042,1979,176311,2462,585992,7381,142893,525,20755,34703,0,0,0,0,0,0,0,0,0,0,0,0,0,0,0,0,27799996,1024825,0.03686421393729697,16,0,0,0,0,0,0,0,0,0,0,0,0,0,0,0,0,0,0,0,0,0,0,0,0,0,0,0,0,0,0,0,0,0,0,0,0,0,0,0,0,0,0,0,0,0,0,0,0,0,0,0,0,0,0,0,0,0,0,0,0,0,0,0,0,0,0,0,0,0,0,0,0,0,0,0,0,0,0,0,0,0,0,0,0,0,0,0,0,0,0,0,0,0,0,0,0,0,0,0,0,0,0,0,0,0,0,0,0,0,0,0,0,0,0,0,0,0,0,0,0,0,0,0,0,0,0,0,0,0,0,0,0,0,0,0,0,0,0,0,0,0,0,0,0,0,0,0,0,0,0,0,0,0,0,0,0,0,0,0,0,0,0,0,0,0,0,0,0,0,0,0,230353,3356,761847,9393,184331,617,25557,44701,69101,1006,229114,2939,55580,176,8296,13480,0,1639847,1639847,1639847,105159,1260155,1336600,316941,1534688,1293415,1639847,0,0,0,0,299454,4362,990961,12332,239911,793,33853,58181,0.05898731064565621,0.06412732407352636,0.7684588867132116,0.8150760406306198,0.19327473843596385,0.9358726759264736,0.7887412667157363,0.0,0.0,0.0,0.0,0.18261093870342782,0.0026600042564946607,0.6043008890463561,0.007520213776041301,0.146300843920195,0.00048358170000006097,0.020643999104794534,0.035479529492690474,"[0, 1]",16.0,27799996,1024825,0.03686421393729697,16,1639847,105159,1260155,1336600,316941,1534688,1293415,1639847,0,0,0,0,299454,4362,990961,12332,239911,793,33853,58181,0.05898731064565621,0.0679449492504952,0.7684588867132116,0.8150760406306198,0.19327473843596385,0.9358726759264736,0.7887412667157363,0.0,0.0,0.0,0.0,0.19946459987843088,0.0010946597405468437,0.6198101306847995,0.003430881967473767,0.1489784567737677,0,0.012975587994567519,0.0307927702891957,"[0, 1]"
17.0,26775088,9915,128,32463,429,8073,31,986,1974,177079,2374,585318,7493,143141,543,19813,35148,0,0,0,0,0,0,0,0,0,0,0,0,0,0,0,0,27799996,1024908,0.036867199549237346,17,0,0,0,0,0,0,0,0,0,0,0,0,0,0,0,0,0,0,0,0,0,0,0,0,0,0,0,0,0,0,0,0,0,0,0,0,0,0,0,0,0,0,0,0,0,0,0,0,0,0,0,0,0,0,0,0,0,0,0,0,0,0,0,0,0,0,0,0,0,0,0,0,0,0,0,0,0,0,0,0,0,0,0,0,0,0,0,0,0,0,0,0,0,0,0,0,0,0,0,0,0,0,0,0,0,0,0,0,0,0,0,0,0,0,0,0,0,0,0,0,0,0,0,0,0,0,0,0,0,0,0,0,0,0,0,0,0,0,0,0,0,0,0,0,0,0,0,0,0,0,0,0,0,0,0,0,0,0,0,0,0,0,0,0,0,0,0,0,0,0,0,230661,3142,762113,9732,184967,656,24603,45319,68989,954,228466,2886,55784,205,8025,13456,0,1639958,1639958,1639958,104882,1261193,1335475,317225,1535076,1294201,1639958,0,0,0,0,299650,4096,990579,12618,240751,861,32628,58775,0.05899130345198611,0.0639540768727004,0.769039816873359,0.8143348793078847,0.1934348318676454,0.9360459231272996,0.7891671615980409,0.0,0.0,0.0,0.0,0.1827180939999683,0.0024976249391752718,0.6040270543513919,0.0076940994830355415,0.14680314983676412,0.0005250134454662863,0.019895631473488957,0.03583933247070962,"[0, 1]",17.0,27799996,1024908,0.036867199549237346,17,1639958,104882,1261193,1335475,317225,1535076,1294201,1639958,0,0,0,0,299650,4096,990579,12618,240751,861,32628,58775,0.05899130345198611,0.05574757175608975,0.769039816873359,0.8143348793078847,0.1934348318676454,0.9360459231272996,0.7891671615980409,0.0,0.0,0.0,0.0,0.18189684118429186,0.0010600697245077332,0.5984665582250076,0.005355543408922397,0.15241790381583492,0,0.02416358676003607,0.03331957587620786,"[0, 1]"
18.0,26773706,9957,142,32442,404,7859,29,1018,2011,177954,2393,585572,7644,143756,524,19242,35343,0,0,0,0,0,0,0,0,0,0,0,0,0,0,0,0,27799996,1026290,0.03691691178660601,18,0,0,0,0,0,0,0,0,0,0,0,0,0,0,0,0,0,0,0,0,0,0,0,0,0,0,0,0,0,0,0,0,0,0,0,0,0,0,0,0,0,0,0,0,0,0,0,0,0,0,0,0,0,0,0,0,0,0,0,0,0,0,0,0,0,0,0,0,0,0,0,0,0,0,0,0,0,0,0,0,0,0,0,0,0,0,0,0,0,0,0,0,0,0,0,0,0,0,0,0,0,0,0,0,0,0,0,0,0,0,0,0,0,0,0,0,0,0,0,0,0,0,0,0,0,0,0,0,0,0,0,0,0,0,0,0,0,0,0,0,0,0,0,0,0,0,0,0,0,0,0,0,0,0,0,0,0,0,0,0,0,0,0,0,0,0,0,0,0,0,0,232286,3063,762769,9780,186531,700,24035,46021,69201,907,229675,2932,55696,227,7570,13878,0,1645271,1645271,1645271,105143,1265185,1338248,319096,1540128,1298540,1645271,0,0,0,0,301487,3970,992444,12712,242227,927,31605,59899,0.05918241858739836,0.06390618931470864,0.768982739013816,0.8133906207548787,0.19394738009726056,0.9360938106852914,0.7892559949090454,0.0,0.0,0.0,0.0,0.18324458402293603,0.0024129763424991994,0.6032100486789106,0.0077263867168387455,0.14722620164094546,0.0005634330149865888,0.019209601336193247,0.036406768246690056,"[0, 1]",18.0,27799996,1026290,0.03691691178660601,18,1645271,105143,1265185,1338248,319096,1540128,1298540,1645271,0,0,0,0,301487,3970,992444,12712,242227,927,31605,59899,0.05918241858739836,0.053444080916668614,0.768982739013816,0.8133906207548787,0.19394738009726056,0.9360938106852914,0.7892559949090454,0.0,0.0,0.0,0.0,0.18616334262245712,0.00333499745538556,0.5965131589781834,0.013386136355249361,0.1594537631115855,0.0004026359072610997,0.021884990219279567,0.03920338880069734,"[0, 1]"
19.0,26771422,9934,146,32721,420,7900,29,1023,1918,179711,2372,586831,7671,144058,500,18578,34762,0,0,0,0,0,0,0,0,0,0,0,0,0,0,0,0,27799996,1028574,0.036999070071808644,19,0,0,0,0,0,0,0,0,0,0,0,0,0,0,0,0,0,0,0,0,0,0,0,0,0,0,0,0,0,0,0,0,0,0,0,0,0,0,0,0,0,0,0,0,0,0,0,0,0,0,0,0,0,0,0,0,0,0,0,0,0,0,0,0,0,0,0,0,0,0,0,0,0,0,0,0,0,0,0,0,0,0,0,0,0,0,0,0,0,0,0,0,0,0,0,0,0,0,0,0,0,0,0,0,0,0,0,0,0,0,0,0,0,0,0,0,0,0,0,0,0,0,0,0,0,0,0,0,0,0,0,0,0,0,0,0,0,0,0,0,0,0,0,0,0,0,0,0,0,0,0,0,0,0,0,0,0,0,0,0,0,0,0,0,0,0,0,0,0,0,0,233467,3130,765816,9889,186990,621,23427,45478,69912,878,228692,2945,56239,199,7407,14113,0,1649203,1649203,1649203,104079,1268818,1341555,321041,1545124,1301336,1649203,0,0,0,0,303379,4008,994508,12834,243229,820,30834,59591,0.05932385745667014,0.06310866521586488,0.7693522264997092,0.8134565605325724,0.1946643318014823,0.9368913347841351,0.7890696293906815,0.0,0.0,0.0,0.0,0.18395491640507566,0.0024302648006340032,0.603023399787655,0.007781940731371457,0.14748275379077044,0.0004972098644011683,0.01869630360847027,0.03613321101162198,"[0, 1]",19.0,27799996,1028574,0.036999070071808644,19,1649203,104079,1268818,1341555,321041,1545124,1301336,1649203,0,0,0,0,303379,4008,994508,12834,243229,820,30834,59591,0.05932385745667014,0.05943993324808432,0.7693522264997092,0.8134565605325724,0.1946643318014823,0.9368913347841351,0.7890696293906815,0.0,0.0,0.0,0.0,0.1865563492686983,0.0022553397412776433,0.6264277845218845,0.005892606552195449,0.1503409911129126,0.0013422433255175243,0.01925031333523656,0.03686725272501732,"[0, 1]"
20.0,26767309,10123,129,33024,407,7928,24,941,1900,181151,2306,589193,7567,144800,456,17863,34875,0,0,0,0,0,0,0,0,0,0,0,0,0,0,0,0,27799996,1032687,0.037147019733384135,20,0,0,0,0,0,0,0,0,0,0,0,0,0,0,0,0,0,0,0,0,0,0,0,0,0,0,0,0,0,0,0,0,0,0,0,0,0,0,0,0,0,0,0,0,0,0,0,0,0,0,0,0,0,0,0,0,0,0,0,0,0,0,0,0,0,0,0,0,0,0,0,0,0,0,0,0,0,0,0,0,0,0,0,0,0,0,0,0,0,0,0,0,0,0,0,0,0,0,0,0,0,0,0,0,0,0,0,0,0,0,0,0,0,0,0,0,0,0,0,0,0,0,0,0,0,0,0,0,0,0,0,0,0,0,0,0,0,0,0,0,0,0,0,0,0,0,0,0,0,0,0,0,0,0,0,0,0,0,0,0,0,0,0,0,0,0,0,0,0,0,0,235577,3046,766807,9889,188079,611,22556,45705,69770,951,229336,3003,56308,191,7078,13745,0,1652652,1652652,1652652,102778,1272270,1344016,323038,1549874,1303977,1652652,0,0,0,0,305347,3997,996143,12892,244387,802,29634,59450,0.059447922222722625,0.062189741094918954,0.7698353918429288,0.813248040119759,0.1954664381854135,0.9378102589050811,0.7890209191045665,0.0,0.0,0.0,0.0,0.18476182523604484,0.0024185369938740883,0.6027542398520681,0.007800795327752001,0.14787565682309403,0.00048528062774256164,0.017931179703894105,0.035972485435530284,"[0, 1]",20.0,27799996,1032687,0.037147019733384135,20,1652652,102778,1272270,1344016,323038,1549874,1303977,1652652,0,0,0,0,305347,3997,996143,12892,244387,802,29634,59450,0.059447922222722625,0.06017865363343297,0.7698353918429288,0.813248040119759,0.1954664381854135,0.9378102589050811,0.7890209191045665,0.0,0.0,0.0,0.0,0.1981848386138323,0.00254635940030939,0.6022594256453968,0.01013635477996524,0.14689176285312347,0.0004236366482540003,0.018867636443632263,0.04720398198013371,"[0, 1]"
21.0,26763711,10121,99,33311,436,8067,26,908,1951,181286,2202,591846,7712,145079,474,17293,35474,0,0,0,0,0,0,0,0,0,0,0,0,0,0,0,0,27799996,1036285,0.03727644421243802,21,0,0,0,0,0,0,0,0,0,0,0,0,0,0,0,0,0,0,0,0,0,0,0,0,0,0,0,0,0,0,0,0,0,0,0,0,0,0,0,0,0,0,0,0,0,0,0,0,0,0,0,0,0,0,0,0,0,0,0,0,0,0,0,0,0,0,0,0,0,0,0,0,0,0,0,0,0,0,0,0,0,0,0,0,0,0,0,0,0,0,0,0,0,0,0,0,0,0,0,0,0,0,0,0,0,0,0,0,0,0,0,0,0,0,0,0,0,0,0,0,0,0,0,0,0,0,0,0,0,0,0,0,0,0,0,0,0,0,0,0,0,0,0,0,0,0,0,0,0,0,0,0,0,0,0,0,0,0,0,0,0,0,0,0,0,0,0,0,0,0,0,236916,2956,769728,9913,188711,610,21731,45813,70781,904,229354,3023,56551,190,6835,13443,0,1657459,1657459,1657459,101558,1276378,1348281,325293,1555901,1307460,1657459,0,0,0,0,307697,3860,999082,12936,245262,800,28566,59256,0.05962083591666704,0.06127331053136156,0.7700811905452865,0.8134626557881673,0.19626005831818463,0.9387266894686385,0.7888339922737154,0.0,0.0,0.0,0.0,0.18564380778046394,0.002328866053398606,0.6027793146014472,0.007804717944757608,0.14797470103332871,0.0004826665395644779,0.017234815461498597,0.03575111058554088,"[0, 1]",21.0,27799996,1036285,0.03727644421243802,21,1657459,101558,1276378,1348281,325293,1555901,1307460,1657459,0,0,0,0,307697,3860,999082,12936,245262,800,28566,59256,0.05962083591666704,0.06293671621683815,0.7700811905452865,0.8134626557881673,0.19626005831818463,0.9387266894686385,0.7888339922737154,0.0,0.0,0.0,0.0,0.1953212432538227,0.0008501573489597541,0.5797866345912109,0.01102256181383982,0.14967703038420263,0.000325876144651429,0.01476265829630857,0.042910962993969085,"[0, 1]"
22.0,26761283,10197,134,32990,456,8083,30,913,1961,182179,2277,593334,7819,145692,486,16716,35446,0,0,0,0,0,0,0,0,0,0,0,0,0,0,0,0,27799996,1038713,0.03736378235450106,22,0,0,0,0,0,0,0,0,0,0,0,0,0,0,0,0,0,0,0,0,0,0,0,0,0,0,0,0,0,0,0,0,0,0,0,0,0,0,0,0,0,0,0,0,0,0,0,0,0,0,0,0,0,0,0,0,0,0,0,0,0,0,0,0,0,0,0,0,0,0,0,0,0,0,0,0,0,0,0,0,0,0,0,0,0,0,0,0,0,0,0,0,0,0,0,0,0,0,0,0,0,0,0,0,0,0,0,0,0,0,0,0,0,0,0,0,0,0,0,0,0,0,0,0,0,0,0,0,0,0,0,0,0,0,0,0,0,0,0,0,0,0,0,0,0,0,0,0,0,0,0,0,0,0,0,0,0,0,0,0,0,0,0,0,0,0,0,0,0,0,0,237303,2858,772463,10251,189868,641,21267,45846,71023,898,230926,2983,56792,182,6637,13941,0,1663879,1663879,1663879,101748,1280497,1352853,326139,1562131,1313592,1663879,0,0,0,0,308326,3756,1003389,13234,246660,823,27904,59787,0.0598517712016937,0.061151081298580004,0.769585408554348,0.8130717437986776,0.19601124841409742,0.93884891870142,0.7894756770173793,0.0,0.0,0.0,0.0,0.1853055420496322,0.0022573756865733627,0.6030420481297017,0.00795370336424704,0.14824395283551267,0.0004946273136448023,0.016770450255096676,0.03593230036559149,"[0, 1]",22.0,27799996,1038713,0.03736378235450106,22,1663879,101748,1280497,1352853,326139,1562131,1313592,1663879,0,0,0,0,308326,3756,1003389,13234,246660,823,27904,59787,0.0598517712016937,0.06778264934568504,0.769585408554348,0.8130717437986776,0.19601124841409742,0.93884891870142,0.7894756770173793,0.0,0.0,0.0,0.0,0.18403647371290296,0.001646886109818919,0.6090952485621275,0.005854579216658691,0.14552350999298305,0,0.015891177450758555,0.03718936370760432,"[0, 1]"
23.0,26757584,10162,105,33481,452,8181,28,865,1935,182743,2264,595173,7849,146518,506,16346,35804,0,0,0,0,0,0,0,0,0,0,0,0,0,0,0,0,27799996,1042412,0.03749683992760287,23,0,0,0,0,0,0,0,0,0,0,0,0,0,0,0,0,0,0,0,0,0,0,0,0,0,0,0,0,0,0,0,0,0,0,0,0,0,0,0,0,0,0,0,0,0,0,0,0,0,0,0,0,0,0,0,0,0,0,0,0,0,0,0,0,0,0,0,0,0,0,0,0,0,0,0,0,0,0,0,0,0,0,0,0,0,0,0,0,0,0,0,0,0,0,0,0,0,0,0,0,0,0,0,0,0,0,0,0,0,0,0,0,0,0,0,0,0,0,0,0,0,0,0,0,0,0,0,0,0,0,0,0,0,0,0,0,0,0,0,0,0,0,0,0,0,0,0,0,0,0,0,0,0,0,0,0,0,0,0,0,0,0,0,0,0,0,0,0,0,0,0,237949,2997,775538,10214,190367,623,20903,46259,71178,890,232496,3027,56770,186,6473,13722,0,1669592,1669592,1669592,101407,1284850,1357778,327064,1568185,1319039,1669592,0,0,0,0,309127,3887,1008034,13241,247137,809,27376,59981,0.06005727482838487,0.06073759337610626,0.7695592695700506,0.8132394022012563,0.19589456585800602,0.9392624066238937,0.7900367275358291,0.0,0.0,0.0,0.0,0.18515122257413788,0.002328113694842812,0.6037606792557703,0.007930680070340538,0.14802239109914278,0.00048454951868480444,0.01639682030100767,0.03592554348607324,"[0, 1]",23.0,27799996,1042412,0.03749683992760287,23,1669592,101407,1284850,1357778,327064,1568185,1319039,1669592,0,0,0,0,309127,3887,1008034,13241,247137,809,27376,59981,0.06005727482838487,0.06874785170437799,0.7695592695700506,0.8132394022012563,0.19589456585800602,0.9392624066238937,0.7900367275358291,0.0,0.0,0.0,0.0,0.16245887173315451,0.0017709064874148533,0.5866403950169031,0.01053342018304096,0.15418270250684024,0.0010927332196258568,0.011154620233257369,0.04111506099075106,"[0, 1]"
24.0,26757039,10218,132,33650,459,8155,22,841,1994,183396,2312,595367,7855,145997,450,15921,36188,0,0,0,0,0,0,0,0,0,0,0,0,0,0,0,0,27799996,1042957,0.0375164442469704,24,0,0,0,0,0,0,0,0,0,0,0,0,0,0,0,0,0,0,0,0,0,0,0,0,0,0,0,0,0,0,0,0,0,0,0,0,0,0,0,0,0,0,0,0,0,0,0,0,0,0,0,0,0,0,0,0,0,0,0,0,0,0,0,0,0,0,0,0,0,0,0,0,0,0,0,0,0,0,0,0,0,0,0,0,0,0,0,0,0,0,0,0,0,0,0,0,0,0,0,0,0,0,0,0,0,0,0,0,0,0,0,0,0,0,0,0,0,0,0,0,0,0,0,0,0,0,0,0,0,0,0,0,0,0,0,0,0,0,0,0,0,0,0,0,0,0,0,0,0,0,0,0,0,0,0,0,0,0,0,0,0,0,0,0,0,0,0,0,0,0,0,238476,2954,777333,10268,190560,674,20512,47178,71232,903,233277,2986,57505,184,6339,13859,0,1674240,1674240,1674240,102000,1287955,1360423,327677,1572240,1323569,1674240,0,0,0,0,309708,3857,1010610,13254,248065,858,26851,61037,0.060224469097045916,0.06092316513761468,0.7692774034785933,0.8125615204510703,0.1957168625764526,0.9390768348623854,0.7905491446865444,0.0,0.0,0.0,0.0,0.18498423165137615,0.002303731842507645,0.6036231364678899,0.007916427752293578,0.14816573490061163,0.0005124713302752294,0.016037724579510703,0.03645654147553517,"[0, 1]",24.0,27799996,1042957,0.0375164442469704,24,1674240,102000,1287955,1360423,327677,1572240,1323569,1674240,0,0,0,0,309708,3857,1010610,13254,248065,858,26851,61037,0.060224469097045916,0.06299323091590495,0.7692774034785933,0.8125615204510703,0.1957168625764526,0.9390768348623854,0.7905491446865444,0.0,0.0,0.0,0.0,0.1914688527259204,0.003234064889830123,0.6081234781237475,0.003678083756663509,0.15143516070658683,0.0013042902540954116,0.012125762825633341,0.03186198778039598,"[0, 1]"
25.0,26753436,10220,126,33504,396,8309,21,843,2044,184257,2431,597166,7847,147067,481,15618,36230,0,0,0,0,0,0,0,0,0,0,0,0,0,0,0,0,27799996,1046560,0.03764604858216526,25,0,0,0,0,0,0,0,0,0,0,0,0,0,0,0,0,0,0,0,0,0,0,0,0,0,0,0,0,0,0,0,0,0,0,0,0,0,0,0,0,0,0,0,0,0,0,0,0,0,0,0,0,0,0,0,0,0,0,0,0,0,0,0,0,0,0,0,0,0,0,0,0,0,0,0,0,0,0,0,0,0,0,0,0,0,0,0,0,0,0,0,0,0,0,0,0,0,0,0,0,0,0,0,0,0,0,0,0,0,0,0,0,0,0,0,0,0,0,0,0,0,0,0,0,0,0,0,0,0,0,0,0,0,0,0,0,0,0,0,0,0,0,0,0,0,0,0,0,0,0,0,0,0,0,0,0,0,0,0,0,0,0,0,0,0,0,0,0,0,0,0,239041,3080,780015,10331,191986,572,19838,47231,71689,898,233094,3129,56821,166,6060,14136,0,1678087,1678087,1678087,101463,1292094,1363197,328906,1576624,1327261,1678087,0,0,0,0,310730,3978,1013109,13460,248807,738,25898,61367,0.060362850411920924,0.06046349205970847,0.7699803407093911,0.8123518029756502,0.19600056492899354,0.9395365079402915,0.7909369418868033,0.0,0.0,0.0,0.0,0.18516918371931848,0.002370556472936147,0.6037285313574327,0.008021038241759813,0.1482682363906043,0.0004397864949791042,0.015433049657139349,0.036569617665830195,"[0, 1]",25.0,27799996,1046560,0.03764604858216526,25,1678087,101463,1292094,1363197,328906,1576624,1327261,1678087,0,0,0,0,310730,3978,1013109,13460,248807,738,25898,61367,0.060362850411920924,0.07377277325194476,0.7699803407093911,0.8123518029756502,0.19600056492899354,0.9395365079402915,0.7909369418868033,0.0,0.0,0.0,0.0,0.18908886261210903,0.0012649435319145434,0.5999013499782793,0.012642525311299578,0.1148318812235132,1.3332297374527577e-05,0.015819452402496666,0.033906209977390724,"[0, 1]"
